4096 2048
white 2 2 2 2 0
frame 6 2 672 126 0
frame_left 680 2 96 126 0
frame_middle 778 2 480 126 0
frame_right 1260 2 96 126 0
reaper 1358 2 97 62 0
bite 1457 2 51 51 0
heal 1510 2 52 51 0
health 1564 2 28 62 0
life_icon 1594 2 28 31 0
shield_icon 1624 2 28 31 0
crosshair 1654 2 62 62 0
logo 1718 2 744 375 0
archangel 2464 2 438 512 0
shadow 2904 2 362 512 0
art 3268 2 768 432 0
minigun 2 516 97 59 0
shotgun 101 516 97 59 0
sniper 200 516 97 59 0
goat 299 516 97 59 0
button 398 516 230 70 0
ring 630 516 512 512 0
background 1144 516 1280 682 0
g32 2426 516 12 42 10.0
g33 2440 516 15 42 13.0
g34 2457 516 17 42 15.0
g35 2476 516 29 42 27.0
g36 2507 516 22 42 20.0
g37 2531 516 32 42 30.0
g38 2565 516 27 42 25.0
g39 2594 516 11 42 9.0
g40 2607 516 14 42 12.0
g41 2623 516 14 42 12.0
g42 2639 516 18 42 16.0
g43 2659 516 29 42 27.0
g44 2690 516 12 42 10.0
g45 2704 516 14 42 12.0
g46 2720 516 12 42 10.0
g47 2734 516 13 42 11.0
g48 2749 516 22 42 20.0
g49 2773 516 22 42 20.0
g50 2797 516 22 42 20.0
g51 2821 516 22 42 20.0
g52 2845 516 22 42 20.0
g53 2869 516 22 42 20.0
g54 2893 516 22 42 20.0
g55 2917 516 22 42 20.0
g56 2941 516 22 42 20.0
g57 2965 516 22 42 20.0
g58 2989 516 13 42 11.0
g59 3004 516 13 42 11.0
g60 3019 516 29 42 27.0
g61 3050 516 29 42 27.0
g62 3081 516 29 42 27.0
g63 3112 516 19 42 17.0
g64 3133 516 34 42 32.0
g65 3169 516 24 42 22.0
g66 3195 516 24 42 22.0
g67 3221 516 24 42 22.0
g68 3247 516 27 42 25.0
g69 3276 516 22 42 20.0
g70 3300 516 20 42 18.0
g71 3322 516 27 42 25.0
g72 3351 516 26 42 24.0
g73 3379 516 11 42 9.0
g74 3392 516 11 42 9.0
g75 3405 516 23 42 21.0
g76 3430 516 20 42 18.0
g77 3452 516 30 42 28.0
g78 3484 516 26 42 24.0
g79 3512 516 27 42 25.0
g80 3541 516 21 42 19.0
g81 3564 516 27 42 25.0
g82 3593 516 24 42 22.0
g83 3619 516 22 42 20.0
g84 3643 516 22 42 20.0
g85 3667 516 25 42 23.0
g86 3694 516 24 42 22.0
g87 3720 516 34 42 32.0
g88 3756 516 24 42 22.0
g89 3782 516 22 42 20.0
g90 3806 516 24 42 22.0
g91 3832 516 14 42 12.0
g92 3848 516 13 42 11.0
g93 3863 516 14 42 12.0
g94 3879 516 29 42 27.0
g95 3910 516 18 42 16.0
g96 3930 516 18 42 16.0
g97 3950 516 22 42 20.0
g98 3974 516 22 42 20.0
g99 3998 516 20 42 18.0
g100 4020 516 22 42 20.0
g101 4044 516 22 42 20.0
g102 4068 516 13 42 11.0
g103 2 1200 22 42 20.0
g104 26 1200 22 42 20.0
g105 50 1200 11 42 9.0
g106 63 1200 11 42 9.0
g107 76 1200 21 42 19.0
g108 99 1200 11 42 9.0
g109 112 1200 33 42 31.0
g110 147 1200 22 42 20.0
g111 171 1200 22 42 20.0
g112 195 1200 22 42 20.0
g113 219 1200 22 42 20.0
g114 243 1200 15 42 13.0
g115 260 1200 19 42 17.0
g116 281 1200 15 42 13.0
g117 298 1200 22 42 20.0
g118 322 1200 21 42 19.0
g119 345 1200 28 42 26.0
g120 375 1200 21 42 19.0
g121 398 1200 21 42 19.0
g122 421 1200 19 42 17.0
g123 442 1200 22 42 20.0
g124 466 1200 13 42 11.0
g125 481 1200 22 42 20.0
g126 505 1200 29 42 27.0
g127 536 1200 21 42 19.0
g128 559 1200 21 42 19.0
g129 582 1200 21 42 19.0
g130 605 1200 21 42 19.0
g131 628 1200 21 42 19.0
g132 651 1200 21 42 19.0
g133 674 1200 21 42 19.0
g134 697 1200 21 42 19.0
g135 720 1200 21 42 19.0
g136 743 1200 21 42 19.0
g137 766 1200 21 42 19.0
g138 789 1200 21 42 19.0
g139 812 1200 21 42 19.0
g140 835 1200 21 42 19.0
g141 858 1200 21 42 19.0
g142 881 1200 21 42 19.0
g143 904 1200 21 42 19.0
g144 927 1200 21 42 19.0
g145 950 1200 21 42 19.0
g146 973 1200 21 42 19.0
g147 996 1200 21 42 19.0
g148 1019 1200 21 42 19.0
g149 1042 1200 21 42 19.0
g150 1065 1200 21 42 19.0
g151 1088 1200 21 42 19.0
g152 1111 1200 21 42 19.0
g153 1134 1200 21 42 19.0
g154 1157 1200 21 42 19.0
g155 1180 1200 21 42 19.0
g156 1203 1200 21 42 19.0
g157 1226 1200 21 42 19.0
g158 1249 1200 21 42 19.0
g159 1272 1200 21 42 19.0
g160 1295 1200 22 42 20.0
g161 1319 1200 15 42 13.0
g162 1336 1200 22 42 20.0
g163 1360 1200 22 42 20.0
g164 1384 1200 22 42 20.0
g165 1408 1200 22 42 20.0
g166 1432 1200 13 42 11.0
g167 1447 1200 18 42 16.0
g168 1467 1200 18 42 16.0
g169 1487 1200 34 42 32.0
g170 1523 1200 17 42 15.0
g171 1542 1200 22 42 20.0
g172 1566 1200 29 42 27.0
g173 1597 1200 14 42 12.0
g174 1613 1200 34 42 32.0
g175 1649 1200 18 42 16.0
g176 1669 1200 18 42 16.0
g177 1689 1200 29 42 27.0
g178 1720 1200 15 42 13.0
g179 1737 1200 15 42 13.0
g180 1754 1200 18 42 16.0
g181 1774 1200 22 42 20.0
g182 1798 1200 22 42 20.0
g183 1822 1200 12 42 10.0
g184 1836 1200 18 42 16.0
g185 1856 1200 15 42 13.0
g186 1873 1200 17 42 15.0
g187 1892 1200 22 42 20.0
g188 1916 1200 33 42 31.0
g189 1951 1200 33 42 31.0
g190 1986 1200 33 42 31.0
g191 2021 1200 19 42 17.0
g192 2042 1200 24 42 22.0
g193 2068 1200 24 42 22.0
g194 2094 1200 24 42 22.0
g195 2120 1200 24 42 22.0
g196 2146 1200 24 42 22.0
g197 2172 1200 24 42 22.0
g198 2198 1200 33 42 31.0
g199 2233 1200 24 42 22.0
g200 2259 1200 22 42 20.0
g201 2283 1200 22 42 20.0
g202 2307 1200 22 42 20.0
g203 2331 1200 22 42 20.0
g204 2355 1200 11 42 9.0
g205 2368 1200 11 42 9.0
g206 2381 1200 11 42 9.0
g207 2394 1200 11 42 9.0
g208 2407 1200 27 42 25.0
g209 2436 1200 26 42 24.0
g210 2464 1200 27 42 25.0
g211 2493 1200 27 42 25.0
g212 2522 1200 27 42 25.0
g213 2551 1200 27 42 25.0
g214 2580 1200 27 42 25.0
g215 2609 1200 29 42 27.0
g216 2640 1200 27 42 25.0
g217 2669 1200 25 42 23.0
g218 2696 1200 25 42 23.0
g219 2723 1200 25 42 23.0
g220 2750 1200 25 42 23.0
g221 2777 1200 22 42 20.0
g222 2801 1200 21 42 19.0
g223 2824 1200 22 42 20.0
g224 2848 1200 22 42 20.0
g225 2872 1200 22 42 20.0
g226 2896 1200 22 42 20.0
g227 2920 1200 22 42 20.0
g228 2944 1200 22 42 20.0
g229 2968 1200 22 42 20.0
g230 2992 1200 33 42 31.0
g231 3027 1200 20 42 18.0
g232 3049 1200 22 42 20.0
g233 3073 1200 22 42 20.0
g234 3097 1200 22 42 20.0
g235 3121 1200 22 42 20.0
g236 3145 1200 11 42 9.0
g237 3158 1200 11 42 9.0
g238 3171 1200 11 42 9.0
g239 3184 1200 11 42 9.0
g240 3197 1200 22 42 20.0
g241 3221 1200 22 42 20.0
g242 3245 1200 22 42 20.0
g243 3269 1200 22 42 20.0
g244 3293 1200 22 42 20.0
g245 3317 1200 22 42 20.0
g246 3341 1200 22 42 20.0
g247 3365 1200 29 42 27.0
g248 3396 1200 22 42 20.0
g249 3420 1200 22 42 20.0
g250 3444 1200 22 42 20.0
g251 3468 1200 22 42 20.0
g252 3492 1200 22 42 20.0
g253 3516 1200 21 42 19.0
g254 3539 1200 22 42 20.0
g255 3563 1200 21 42 19.0
h32 3586 1200 8 42 6.0
h33 3596 1200 6 42 4.0
h34 3604 1200 8 42 6.0
h35 3614 1200 9 42 7.0
h36 3625 1200 8 42 6.0
h37 3635 1200 13 42 11.0
h38 3650 1200 14 42 12.0
h39 3666 1200 4 42 2.0
h40 3672 1200 8 42 6.0
h41 3682 1200 9 42 7.0
h42 3693 1200 18 42 16.0
h43 3713 1200 10 42 8.0
h44 3725 1200 5 42 3.0
h45 3732 1200 10 42 8.0
h46 3744 1200 4 42 2.0
h47 3750 1200 12 42 10.0
h48 3764 1200 13 42 11.0
h49 3779 1200 13 42 11.0
h50 3794 1200 13 42 11.0
h51 3809 1200 13 42 11.0
h52 3824 1200 13 42 11.0
h53 3839 1200 14 42 12.0
h54 3855 1200 12 42 10.0
h55 3869 1200 13 42 11.0
h56 3884 1200 15 42 13.0
h57 3901 1200 13 42 11.0
h58 3916 1200 4 42 2.0
h59 3922 1200 5 42 3.0
h60 3929 1200 8 42 6.0
h61 3939 1200 10 42 8.0
h62 3951 1200 9 42 7.0
h63 3962 1200 12 42 10.0
h64 3976 1200 18 42 16.0
h65 3996 1200 15 42 13.0
h66 4013 1200 15 42 13.0
h67 4030 1200 13 42 11.0
h68 4045 1200 15 42 13.0
h69 4062 1200 12 42 10.0
h70 4076 1200 13 42 11.0
h71 2 1244 13 42 11.0
h72 17 1244 13 42 11.0
h73 32 1244 6 42 4.0
h74 40 1244 9 42 7.0
h75 51 1244 13 42 11.0
h76 66 1244 13 42 11.0
h77 81 1244 20 42 18.0
h78 103 1244 15 42 13.0
h79 120 1244 15 42 13.0
h80 137 1244 14 42 12.0
h81 153 1244 16 42 14.0
h82 171 1244 15 42 13.0
h83 188 1244 13 42 11.0
h84 203 1244 14 42 12.0
h85 219 1244 13 42 11.0
h86 234 1244 13 42 11.0
h87 249 1244 20 42 18.0
h88 271 1244 15 42 13.0
h89 288 1244 13 42 11.0
h90 303 1244 12 42 10.0
h91 317 1244 7 42 5.0
h92 326 1244 12 42 10.0
h93 340 1244 8 42 6.0
h94 350 1244 13 42 11.0
h95 365 1244 12 42 10.0
h96 379 1244 18 42 16.0
h97 399 1244 13 42 11.0
h98 414 1244 13 42 11.0
h99 429 1244 12 42 10.0
h100 443 1244 13 42 11.0
h101 458 1244 12 42 10.0
h102 472 1244 12 42 10.0
h103 486 1244 13 42 11.0
h104 501 1244 13 42 11.0
h105 516 1244 6 42 4.0
h106 524 1244 13 42 11.0
h107 539 1244 13 42 11.0
h108 554 1244 12 42 10.0
h109 568 1244 18 42 16.0
h110 588 1244 13 42 11.0
h111 603 1244 13 42 11.0
h112 618 1244 12 42 10.0
h113 632 1244 13 42 11.0
h114 647 1244 13 42 11.0
h115 662 1244 13 42 11.0
h116 677 1244 12 42 10.0
h117 691 1244 13 42 11.0
h118 706 1244 13 42 11.0
h119 721 1244 18 42 16.0
h120 741 1244 13 42 11.0
h121 756 1244 13 42 11.0
h122 771 1244 13 42 11.0
h123 786 1244 18 42 16.0
h124 806 1244 6 42 4.0
h125 814 1244 18 42 16.0
h126 834 1244 18 42 16.0
h127 854 1244 18 42 16.0
h128 874 1244 18 42 16.0
h129 894 1244 18 42 16.0
h130 914 1244 18 42 16.0
h131 934 1244 18 42 16.0
h132 954 1244 18 42 16.0
h133 974 1244 18 42 16.0
h134 994 1244 18 42 16.0
h135 1014 1244 18 42 16.0
h136 1034 1244 18 42 16.0
h137 1054 1244 18 42 16.0
h138 1074 1244 18 42 16.0
h139 1094 1244 18 42 16.0
h140 1114 1244 18 42 16.0
h141 1134 1244 18 42 16.0
h142 1154 1244 18 42 16.0
h143 1174 1244 18 42 16.0
h144 1194 1244 18 42 16.0
h145 1214 1244 18 42 16.0
h146 1234 1244 18 42 16.0
h147 1254 1244 18 42 16.0
h148 1274 1244 18 42 16.0
h149 1294 1244 18 42 16.0
h150 1314 1244 18 42 16.0
h151 1334 1244 18 42 16.0
h152 1354 1244 18 42 16.0
h153 1374 1244 18 42 16.0
h154 1394 1244 18 42 16.0
h155 1414 1244 18 42 16.0
h156 1434 1244 18 42 16.0
h157 1454 1244 18 42 16.0
h158 1474 1244 18 42 16.0
h159 1494 1244 18 42 16.0
h160 1514 1244 18 42 16.0
h161 1534 1244 18 42 16.0
h162 1554 1244 18 42 16.0
h163 1574 1244 18 42 16.0
h164 1594 1244 18 42 16.0
h165 1614 1244 18 42 16.0
h166 1634 1244 18 42 16.0
h167 1654 1244 18 42 16.0
h168 1674 1244 18 42 16.0
h169 1694 1244 18 42 16.0
h170 1714 1244 18 42 16.0
h171 1734 1244 18 42 16.0
h172 1754 1244 18 42 16.0
h173 1774 1244 18 42 16.0
h174 1794 1244 18 42 16.0
h175 1814 1244 18 42 16.0
h176 1834 1244 18 42 16.0
h177 1854 1244 18 42 16.0
h178 1874 1244 18 42 16.0
h179 1894 1244 18 42 16.0
h180 1914 1244 18 42 16.0
h181 1934 1244 18 42 16.0
h182 1954 1244 18 42 16.0
h183 1974 1244 18 42 16.0
h184 1994 1244 18 42 16.0
h185 2014 1244 18 42 16.0
h186 2034 1244 18 42 16.0
h187 2054 1244 18 42 16.0
h188 2074 1244 18 42 16.0
h189 2094 1244 18 42 16.0
h190 2114 1244 18 42 16.0
h191 2134 1244 18 42 16.0
h192 2154 1244 18 42 16.0
h193 2174 1244 18 42 16.0
h194 2194 1244 18 42 16.0
h195 2214 1244 18 42 16.0
h196 2234 1244 15 42 13.0
h197 2251 1244 18 42 16.0
h198 2271 1244 18 42 16.0
h199 2291 1244 18 42 16.0
h200 2311 1244 18 42 16.0
h201 2331 1244 18 42 16.0
h202 2351 1244 18 42 16.0
h203 2371 1244 18 42 16.0
h204 2391 1244 18 42 16.0
h205 2411 1244 18 42 16.0
h206 2431 1244 18 42 16.0
h207 2451 1244 18 42 16.0
h208 2471 1244 18 42 16.0
h209 2491 1244 18 42 16.0
h210 2511 1244 18 42 16.0
h211 2531 1244 18 42 16.0
h212 2551 1244 18 42 16.0
h213 2571 1244 18 42 16.0
h214 2591 1244 15 42 13.0
h215 2608 1244 18 42 16.0
h216 2628 1244 18 42 16.0
h217 2648 1244 18 42 16.0
h218 2668 1244 18 42 16.0
h219 2688 1244 18 42 16.0
h220 2708 1244 13 42 11.0
h221 2723 1244 18 42 16.0
h222 2743 1244 18 42 16.0
h223 2763 1244 13 42 11.0
h224 2778 1244 18 42 16.0
h225 2798 1244 18 42 16.0
h226 2818 1244 18 42 16.0
h227 2838 1244 18 42 16.0
h228 2858 1244 13 42 11.0
h229 2873 1244 18 42 16.0
h230 2893 1244 18 42 16.0
h231 2913 1244 18 42 16.0
h232 2933 1244 18 42 16.0
h233 2953 1244 18 42 16.0
h234 2973 1244 18 42 16.0
h235 2993 1244 18 42 16.0
h236 3013 1244 18 42 16.0
h237 3033 1244 18 42 16.0
h238 3053 1244 18 42 16.0
h239 3073 1244 18 42 16.0
h240 3093 1244 18 42 16.0
h241 3113 1244 18 42 16.0
h242 3133 1244 18 42 16.0
h243 3153 1244 18 42 16.0
h244 3173 1244 18 42 16.0
h245 3193 1244 18 42 16.0
h246 3213 1244 13 42 11.0
h247 3228 1244 18 42 16.0
h248 3248 1244 18 42 16.0
h249 3268 1244 18 42 16.0
h250 3288 1244 18 42 16.0
h251 3308 1244 18 42 16.0
h252 3328 1244 13 42 11.0
h253 3343 1244 18 42 16.0
h254 3363 1244 18 42 16.0
h255 3383 1244 18 42 16.0
